01 2023 1848 2435 2136 1809 2146 2205 1965 2005
02 1980 2123 1854 1655 1855 2003 2156 2130 2111
03 2215 1924 2151 2078 2252 1957 2020 1949 2301
04 1445 2122 2278 2168 2200 1698 2244 2323 1888
05 2233 2128 1888 1555 2344 1888 2121 1990 2305
06 2344 2564 2288 1898 2168 2345 2323 2167 2123
07 1656 1558 1895 2105 2088 1989 2025 2304 2145
08 2215 1924 2151 2078 2252 1957 2020 1949 2301
09 1445 2122 2278 2168 2200 1698 2244 2323 1888
10 2023 1848 2435 2136 1809 2146 2205 1965 2005
11 2344 2564 2288 1898 2168 2345 2323 2167 2123
12 1656 1558 1895 2105 2088 1989 2025 2304 2145