01 87 62 84 72 68 76 80 68 84
02 71 43 56 71 68 55 66 57 62
03 68 78 78 56 62 55 67 62 83
04 58 62 74 60 76 68 57 78 77
05 68 74 58 92 88 75 81 78 68
06 45 68 58 72 81 65 82 77 81
07 66 55 77 65 56 75 57 66 77
08 75 65 80 67 78 59 66 57 62
09 74 65 82 68 73 56 71 65 72
10 88 69 56 70 82 58 45 60 88
11 71 43 56 71 68 55 66 57 62
12 68 78 78 56 62 55 67 62 83
13 85 62 84 72 68 76 80 68 84
14 75 65 80 67 78 59 66 57 62
15 74 65 82 68 73 56 71 65 72
16 45 68 58 72 81 65 82 77 81
17 66 55 77 65 56 75 57 66 77
18 88 69 56 70 82 58 45 60 88
19 71 43 56 71 68 55 66 57 62
20 88 69 56 70 82 58 45 60 88
21 71 43 56 71 68 55 66 57 62
22 71 43 56 71 68 55 66 57 62
23 68 78 78 56 62 55 67 62 83
24 71 43 56 71 68 55 66 57 62
25 74 65 77 58 91 84 73 48 66
26 74 65 77 58 91 84 73 48 66
27 58 62 74 60 76 68 57 78 77
28 66 55 77 65 56 75 57 66 77
29 75 65 80 67 78 59 66 57 62
30 68 78 78 56 62 55 67 62 83
31 88 69 56 70 82 58 45 60 88